object 0,0 31,0 31,17 0,17
door 0,0 4,0
excluded 9,4 9,6 12,6 12,4
excluded 3,11 3,15 4,15 4,11
excluded 10,11 10,15 11,15 11,11
size 31,17
active 13,0 13,2 14,2 14,0
active 15,0 15,2 16,2 16,0
active 17,0 17,2 18,2 18,0
active 19,0 19,2 20,2 20,0
active 21,0 21,2 22,2 22,0
active 23,0 23,2 24,2 24,0
active 25,0 25,2 26,2 26,0
active 27,0 27,2 28,2 28,0
active 29,0 29,2 30,2 30,0
active 14,11 14,12 16,12 16,11
active 14,13 14,14 16,14 16,13
active 14,15 14,16 16,16 16,15
active 21,5 21,7 22,7 22,5
active 23,5 23,7 24,7 24,5
active 25,5 25,7 26,7 26,5
active 27,5 27,7 28,7 28,5
active 29,5 29,7 30,7 30,5
active 21,10 21,12 22,12 22,10
active 23,10 23,12 24,12 24,10
active 25,10 25,12 26,12 26,10
active 27,10 27,12 28,12 28,10
active 29,10 29,12 30,12 30,10
active 21,15 21,17 22,17 22,15
active 23,15 23,17 24,17 24,15
active 25,15 25,17 26,17 26,15
active 27,15 27,17 28,17 28,15
active 29,15 29,17 30,17 30,15