3,0
3,1
100
3,1
3,2
100
3,2
3,3
100
3,3
4,3
100
4,3
5,3
100
5,3
6,3
100
6,3
7,3
100
7,3
8,3
100
8,3
9,3
100
9,3
10,3
100
10,3
11,3
100
11,3
11,4
100
11,4
10,4
100
10,4
9,4
100
9,4
8,4
100
8,4
7,4
100
7,4
6,4
100
6,4
5,4
100
5,4
4,4
100
4,4
3,4
100
3,4
3,5
100
3,5
3,6
100
3,6
3,7
100
3,7
3,8 2,7
90 10
3,8
2,9
100
2,9
2,10 3,9
70 30
3,9
4,9
100
4,9
5,9
100
2,10
2,11
100
2,11
2,12
100
2,12
2,13
100
2,13
2,14
100
2,14
2,15
100
2,15
2,16
100
2,16
3,16
100
3,16
4,16
100
4,16
5,16
100
5,16
5,15
100
5,15
5,14
100
5,14
5,13
100
5,13
5,12
100
5,12
5,11
100
5,11
5,10
100
5,10
5,9
100
5,9
6,9
100
6,9
7,9
100
7,9
8,9
100
8,9
9,9
100
9,9
9,10 10,9
80 20
10,9
11,9
100
11,9
12,9
100
12,9
13,9
100
9,10
9,11
100
9,11
9,12
100
9,12
9,13
100
9,13
9,14
100
9,14
9,15
100
9,15
9,16
100
9,16
10,16
100
10,16
11,16
100
11,16
12,16
100
12,16
12,15
100
12,15
12,14
100
12,14
12,13
100
12,13
12,12
100
12,12
12,11
100
12,11
12,10
100
12,10
12,9
100
13,9
14,9
100
14,9
15,9
100
15,9
16,9
100
16,9
17,9
100
17,9
17,10 18,9
60 40
17,10
17,11
100
17,11
16,11 17,12
60 40
16,11
15,11
100
15,11
15,12 16,12
55 45
15,12
15,11 16,12
55 45
16,12
17,12
100
17,12
17,13
100
17,13
16,13 17,14
60 40
16,13
15,13
100
15,13
15,14 16,14
55 45
15,14
15,13 16,14
55 45
16,14
17,14
100
17,14
17,15
100
17,15
16,15 17,16
55 45
16,15
15,15
100
15,15
15,16 16,16
55 45
15,16
15,15
100
16,16
17,16
100
17,16
18,16
100
18,16
19,16
100
19,16
20,16
100
20,16
20,15
100
20,15
20,14
100
20,14
20,13 21,14
40 60
21,14
21,15 22,14
60 40
21,15
21,16
100
21,16
22,15 22,16
55 45
22,16
21,16
100
22,15
22,14
100
22,14
23,14
100
23,14
23,15 24,14
60 40
23,15
23,16
100
23,16
24,15 24,16
55 45
24,16
23,16
100
24,15
24,14
100
24,14
25,14
100
25,14
25,15 26,14
60 40
25,15
25,16
100
25,16
26,15 26,16
55 45
26,16
25,16
100
26,15
26,14
100
26,14
27,14
100
27,14
27,15 28,14
60 40
27,15
27,16
100
27,16
28,15 28,16
55 45
28,16
27,16
100
28,15
28,14
100
28,14
29,14
100
29,14
29,15 30,14
60 40
29,15
29,16
100
29,16
30,15 30,16
55 45
30,16
29,16
100
30,15
30,14
100
30,14
30,13
100
30,13
30,12 29,13
60 40
30,12
30,11
100
30,11
29,11 29,12
55 45
29,11
30,10 30,11
45 55
30,10
30,9
100
29,12
29,13
100
29,13
28,13
100
28,13
28,12 27,13
60 40
28,12
28,11
100
28,11
27,11 27,12
55 45
27,11
28,10 28,11
45 55
28,10
28,9
100
27,12
27,13
100
27,13
26,13
100
26,13
26,12 25,13
60 40
26,12
26,11
100
26,11
25,11 25,12
55 45
25,11
26,10 26,11
45 55
26,10
26,9
100
25,12
25,13
100
25,13
24,13
100
24,13
24,12 23,13
60 40
24,12
24,11
100
24,11
23,11 23,12
55 45
23,11
24,10 24,11
45 55
24,10
24,9
100
23,12
23,13
100
23,13
22,13
100
22,13
22,12 21,13
60 40
22,12
22,11
100
22,11
21,11 21,12
55 45
21,11
22,10 22,11
45 55
22,10
22,9
100
21,12
21,13
100
21,13
20,13
100
20,13
20,12
100
20,12
20,11
100
20,11
20,10
100
20,10
20,9
100
20,9
20,8 21,9
45 55
30,9 
30,8
100
28,9
29,9
100
27,9
28,9
100
21,9
21,10 22,9
60 40
21,10
21,11
100
22,9
23,9
100
23,9
23,10 24,9
60 40
23,10
23,11
100
24,9
25,9
100
25,9
25,10 26,9
60 40
25,10
25,11
100
26,9
27,9
100
27,9
27,10 28,9
60 40
27,10
27,11
100
28,9
29,9
100
29,9
29,10 30,9
60 40
29,10
29,11
100
18,9
19,9
100
19,9
20,9
100
30,8
30,7 29,8
60 40
30,7
30,6
100
30,6
29,6 29,7
55 45
29,6
30,5 30,6
45 55
30,5
30,4
100
29,7
29,8
100
29,8
28,8
100
28,8
28,7 27,8
60 40
28,7
28,6
100
28,6
27,6 27,7
55 45
28,7
27,6 27,7
55 45
27,6
28,5 28,6
45 55
28,5
28,4
100
27,7
27,8
100
27,8
26,8
100
26,8
26,7 25,8
60 40
26,7
26,6
100
26,6
25,6 25,7
55 45
25,6
26,5 26,6
45 55
26,5
26,4
100
25,7
25,8
100
25,8
24,8
100
24,8
24,7 23,8
60 40
24,7
24,6
100
24,6
23,6 23,7
55 45
23,6
24,5 24,6
45 55
24,5
24,4
100
23,7
23,8
100
23,8
22,8
100
22,8
22,7 21,8
60 40
22,7
22,6
100
22,6
21,6 21,7
55 45
21,6
22,5 22,6
45 55
22,5
22,4
100
21,7
21,8
100
21,8
20,8
100
20,8
20,7
100
20,7
20,6 19,7
60 40
20,6
20,5
100
20,5
20,4
100
20,4
20,3 21,4
40 60
30,4 
30,3
100
28,4
29,4
100
27,4
28,4
100
21,4
21,5 22,4
60 40
21,5
21,6
100
22,4
23,4
100
23,4
23,5 24,4
60 40
23,5
23,6
100
24,4
25,4
100
25,4
25,5 26,4
60 40
25,5
25,6
100
26,4
27,4
100
27,4
27,5 28,4
60 40
27,5
27,6
100
28,4
29,4
100
29,4
29,5 30,4
60 40
29,5
29,6
100
20,3
20,2
100
20,2
20,1
100
20,1
19,1 19,2
55 45
19,1
20,1
100
19,2
19,3
100
30,3
30,2 29,3
60 40
30,2
30,1
100
30,1
29,1 29,2
55 45
29,1
30,1
100
29,2
29,3
100
29,3
28,3
100
28,3
28,2 27,3
60 40
28,2
28,1
100
28,1
27,1 27,2
55 45
27,1
28,1
100
27,2
27,3
100
27,3
26,3
100
26,3
26,2 25,3
60 40
26,2
26,1
100
26,1
25,1 25,2
55 45
25,1
26,1
100
25,2
25,3
100
25,3
24,3
100
24,3
24,2 23,3
60 40
24,2
24,1
100
24,1
23,1 23,2
55 45
23,1
24,1
100
23,2
23,3
100
23,3
22,3
100
22,3
22,2 21,3
60 40
22,2
22,1
100
22,1
21,1 21,2
55 45
21,1
22,1
100
21,2
21,3
100
21,3
20,3
100
19,3
19,4
100
19,4
19,5
100
19,5
19,6
100
19,6
19,7
100
19,7
18,7
100
18,7
17,7 18,6
40 60
18,6
18,5
100
18,5
18,4
100
18,4
18,3
100
18,3
18,2
100
18,2
18,1
100
18,1
17,1 17,2
55 45
17,1
18,1
100
17,2
17,3
100
17,3
17,4
100
17,4
17,5
100
17,5
17,6
100
17,6
17,7
100
17,7
16,7
100
16,7
15,7 16,6
40 60
16,6
16,5
100
16,5
16,4
100
16,4
16,3
100
16,3
16,2
100
16,2
16,1
100
16,1
15,1 15,2
55 45
15,1
16,1
100
15,2
15,3
100
15,3
15,4
100
15,4
15,5
100
15,5
15,6
100
15,6
15,7
100
15,7
14,7
100
14,7
13,7 14,6
40 60
14,6
14,5
100
14,5
14,4
100
14,4
14,3
100
14,3
14,2
100
14,2
14,1
100
14,1
13,1 13,2
55 45
13,1
14,1
100
13,2
13,3
100
13,3
13,4
100
13,4
13,5
100
13,5
13,6
100
13,6
13,7
100
13,7
12,7
100
12,7
11,7
100
11,7
10,7
100
10,7
9,7
100
9,7
8,7
100
8,7
7,7
100
7,7
6,7
100
6,7
5,7
100
5,7
4,7
100
4,7
2,7
100
2,7
1,7
100
1,7
1,6
100
1,6
1,5
100
1,5
1,4
100
1,4
1,3
100
1,3
1,2
100
1,2
1,1
100
1,1
1,0
100