0,1
1,1
100
1,1
2,1
100
2,1
3,1
100
3,1
4,1
100
4,1
5,1
100
5,1
6,1
100
6,1
7,2 7,1
28 72
7,2
8,3
100
8,3
9,4
100
9,4
9,5 10,5
50 50
9,5
10,6
100
10,6
11,7
100
11,7
11,8
100
11,8
12,9
100
12,9
12,10
100
12,10
13,11
100
10,5
11,6
100
11,6
12,7
100
12,7
13,8
100
7,1
8,1 8,2
65 35
8,1
9,1
100
9,1
10,2
100
10,2
11,2
100
11,2
12,2
100
12,2
13,2
100
8,2
9,3
100
9,3
10,3
100
10,3
11,4
100
11,4
12,5
100
12,5
13,5
100
13,2
13,2 14,2
10 90
14,2
13,2 14,2 15,2
5 10 85
15,2
14,2 15,2 16,2
5 10 85
16,2
15,2 16,2 17,2
5 10 85
17,2
16,2 17,2 18,2
5 10 85
18,2
17,2 18,2 19,2
5 10 85
19,2
18,2 19,2 20,2
5 10 85
20,2
19,2 20,2 21,2
5 10 85
21,2
20,2 21,2 22,2
5 10 85
22,2
21,2 22,2 23,2
5 10 85
23,2
22,2 23,2 24,2
5 10 85
24,2
23,2 24,2 25,2
5 10 85
25,2
25,2 25,3
10 90
25,3
25,3 25,4
10 90
25,4
25,4 25,5
10 90
25,5
25,5 25,6
10 90
25,6
25,6 25,7
10 90
25,7
25,7 25,8
10 90
25,8
25,8 25,9
10 90
25,9
25,9 25,10
10 90
25,10
25,10 25,11
10 90
25,11
25,11 25,12
10 90
25,12
25,12 24,12
10 90
24,12
24,12 23,12
10 90
23,12
23,12 22,12
10 90
22,12
22,12 21,12
10 90
21,12
21,12 20,12
10 90
20,12
20,12 19,12
10 90
19,12
19,12 18,12
10 90
18,12
18,12 17,12
10 90
17,12
17,12 16,12
10 90
16,12
16,12 15,12
10 90
15,12
15,12 14,12
10 90
14,12
14,12 13,12
10 90
13,12
12,12 12,11
80 20
12,12
11,12
100
11,12
10,12
100
10,12
9,12
100
9,12
8,12
100
8,12
7,12
100
7,12
6,12
100
6,12
5,12
100
5,12
4,12
100
4,12
3,12
100
3,12
2,12
100
2,12
2,12 1,12
10 90
12,11
11,10
100
11,10
10,9
100
10,9
9,9 9,8
70 30
9,9
8,9
100
8,9
7,9
100
7,9
6,9
100
6,9
5,9
100
5,9
4,9
100
4,9
3,9
100
3,9
2,9
100
2,9
2,9 1,10
10 90
1,10
1,11
100
1,11
1,12
100
9,8
8,7
100
8,7
7,6
100
7,6
6,6
100
6,6
5,6
100
5,6
4,6
100
4,6
3,6
100
3,6
2,6
100
2,6
2,6 1,7
10 90
1,7
1,8
100
1,8
1,9
100
1,9
1,10
100
13,5
13,5 14,5
10 90
14,5
13,5 14,5 15,5
5 10 85
15,5
14,5 15,5 16,5
5 10 85
16,5
15,5 16,5 17,5
5 10 85
17,5
16,5 17,5 18,5
5 10 85
18,5
17,5 18,5 19,5
5 10 85
19,5
18,5 19,5 20,5
5 10 85
20,5
19,5 20,5 21,5
5 10 85
21,5
20,5 21,5 22,5
5 10 85
22,5
21,5 22,5 23,5
5 10 85
23,5
22,5 23,5 24,5
5 10 85
24,5
23,5 24,5 25,5
5 10 85
13,8
13,8 14,8
10 90
14,8
13,8 14,8 15,8
5 10 85
15,8
14,8 15,8 16,8
5 10 85
16,8
15,8 16,8 17,8
5 10 85
17,8
16,8 17,8 18,8
5 10 85
18,8
17,8 18,8 19,8
5 10 85
19,8
18,8 19,8 20,8
5 10 85
20,8
19,8 20,8 21,8
5 10 85
21,8
20,8 21,8 22,8
5 10 85
22,8
21,8 22,8 23,8
5 10 85
23,8
22,8 23,8 24,8
5 10 85
24,8
23,8 24,8 25,8
5 10 85
13,11
13,11 14,11
10 90
14,11
13,11 14,11 15,11
5 10 85
15,11
14,11 15,11 16,11
5 10 85
16,11
15,11 16,11 17,11
5 10 85
17,11
16,11 17,11 18,11
5 10 85
18,11
17,11 18,11 19,11
5 10 85
19,11
18,11 19,11 20,11
5 10 85
20,11
19,11 20,11 21,11
5 10 85
21,11
20,11 21,11 22,11
5 10 85
22,11
21,11 22,11 23,11
5 10 85
23,11
22,11 23,11 24,11
5 10 85
24,11
23,11 24,11 25,11
5 10 85
1,12
0,12
100