12,0
12,1 22,0 3,0
50 25 25
22,0
22,1
100
22,1
22,2
100
22,2
22,3 21,2 20,2
50 10 40
22,3
22,4 21,3 20,3
50 10 40
22,4
22,5 21,4
80 20
22,5
21,5 21,6
50 50
21,5
21,5 21,4
70 30
21,6
21,6 21,4
80 20
21,4
21,3
100
21,3
21,2
100
21,2
21,1
100
20,2
20,3 19,2 18,2 19,1
30 10 20 40
20,3
20,4 19,3 18,3
50 10 40
20,4
20,5 19,4
80 20
20,5
19,5 19,6
50 50
19,5
19,5 19,4
70 30
19,6
19,6 19,4
80 20
19,4
19,3
100
19,3
19,2
100
19,2
20,1
100
20,1
21,1
100
19,1
19,1 20,1
80 20
18,1
19,2
100
18,2
18,3 17,2 17,1
40 10 50
18,3
18,4 17,2
70 30
18,4
18,5 17,4
80 20
18,5
17,5 17,6
50 50
17,5
17,5 17,4
70 30
17,6
17,6 17,4
80 20
17,4
17,3
100
17,3
17,2
100
17,2
19,2
100
17,1
17,1 18,1
80 20
21,1
21,0
100
21,0
11,0
100
12,1
12,2
100
12,2
12,3 13,2 14,2 11,2 10,2
30 10 25 10 25
12,3
12,4 13,3 14,3 11,3 10,3
30 10 25 10 25
12,4
12,5 11,4 13,4
60 20 20
12,5
11,5 11,6
50 50
11,6
11,6 11,4
80 20
11,5
11,5 11,4
70 30
11,4
11,3
100
11,3
11,2
100
11,2
11,1
100
14,2
14,3 15,2 16,2 15,1
30 10 20 40
14,3
14,4 15,3 16,3
50 10 40
14,4
14,5 15,4
80 20
14,5
13,5 13,6
50 50
13,6
13,6 13,4
80 20
13,5
13,5 13,4
70 30
13,4
13,3
100
13,3
13,2
100
13,2
11,2 13,1
50 50
13,1
11,1 11,0
50 50
16,2
16,3 17,2
70 30
16,3
16,4 17,3
70 30
16,4
16,5 17,4
80 20
16,5
15,5 15,6
50 50
15,5
15,5 15,4
70 30
15,6
15,6 15,4
80 20
15,4
15,3
100
15,3
15,2
100
15,2
13,2 14,1
50 50
14,1
13,1
100
15,1
15,1 14,1
70 30
10,2
10,3 9,1 9,2 8,2
30 40 10 20
10,3
10,4 9,3 8,3
50 10 40
10,4
10,5 9,4
80 20
10,5
9,5 9,6
50 50
9,5
9,5 9,4
70 30
9,6
9,6 9,4
80 20
9,4
9,3
100
9,3
9,2
100
9,2
10,1 11,2
50 50
9,1
9,1 10,1
70 30
10,1
11,1 11,0
50 50
8,2
8,3 7,2 7,1
30 20 50
7,1
7,1 8,1
70 30
8,1
9,2
100
8,3
8,4 7,3
70 30
8,4
8,5 7,4
80 20
8,5
7,5 7,6
50 50
7,5
7,5 7,4
70 30
7,6
7,6 7,4
80 20
7,4
7,3
100
7,3
7,2
100
7,2
9,2
100
3,0
3,1
100
3,1
3,2
100
3,2
1,2 2,3 4,2
30 30 40
4,2
4,3 5,2 6,2 5,1
30 10 20 40
4,3
4,4 3,3 5,3 6,3
50 10 10 30
4,4
4,5 3,4
80 20
4,5
3,5 3,6
50 50
3,6
3,6 3,4
80 20
3,5
3,5 3,4
70 30
3,4
3,3
100
3,3
2,2
100
2,2
2,1
100
2,1
2,0
100
2,0
11,0
100
6,2
6,3 7,2
80 20
6,3
6,4 7,3
80 20
6,4
6,5 5,4 7,4
70 15 15
6,5
5,5 5,6
50 50
5,5
5,5 5,4
70 30
5,6
5,6 5,4
80 20
5,4
5,3
100
5,3
5,2 3,3
50 50
5,2
4,1
100
4,1
2,1
100
5,1
5,1 4,1
70 30
2,3
2,4 1,3 1,4
30 35 35
2,4
2,5
100
2,5
1,5 1,6
50 50
1,5
1,5 3,4
70 30
1,6
1,6 3,4
80 20
1,4
1,4 3,3
70 30
1,3
2,2
100
1,2
2,1
100
11,1
11,0
100